14 8 3 1 1
0 0 0 0 0
5 5 5 5 5 5 5 5 5 5 5 5 5 5 10 10 10 10 10 10 10 10 50 50 50 100 100
0 2 1 1 2 2 1 2 3 1 1 3 3 1 7 8 7 8 8 7 10 9 46 32 35 66 99
4 2 0 2 0 1 4 4 3 2 5 1 3 0 7 8 9 8 10 8 8 9 44 42 50 64 80
4 3 1 5 5 3 2 3 0 0 5 5 4 0 9 7 8 9 7 8 8 10 47 50 44 60 86
0 0 5 5 5 3 3 2 4 1 2 2 0 1 9 7 10 7 8 9 9 9 49 40 40 51 66
3 3 4 3 5 2 3 2 3 4 2 2 1 5 9 7 9 10 10 9 10 8 50 40 48 71 94
5 2 0 4 0 2 4 4 2 0 1 0 4 4 9 10 10 10 8 8 7 10 38 33 46 87 54
4 2 2 1 3 3 2 4 5 3 0 0 1 2 7 7 10 10 8 8 8 8 40 47 41 70 86
0 1 1 3 1 2 5 0 3 1 4 3 0 1 7 7 9 7 10 8 10 10 31 44 47 51 50
0 3 4 2 4 3 3 0 2 0 5 3 3 3 10 10 9 10 10 8 7 8 49 40 34 68 62
3 3 2 2 2 3 0 0 2 0 4 2 4 3 7 8 7 8 9 10 8 8 33 37 41 59 85
2 3 0 5 4 4 2 0 0 2 3 4 2 3 8 8 7 9 9 8 10 9 36 42 33 67 55
4 4 1 5 3 2 3 3 3 4 0 0 4 2 10 10 7 9 10 9 10 9 42 37 49 65 55
2 5 2 0 4 3 3 3 1 5 0 1 1 1 10 10 8 10 10 8 10 7 31 44 31 95 67
2 0 3 1 3 4 0 3 4 1 2 4 3 2 10 7 9 9 7 10 7 9 43 43 44 70 68
1 1 4 0 1 2 1 3 2 0 5 0 1 2 7 7 9 7 10 7 7 9 48 47 50 53 95
5 0 4 2 5 3 2 5 2 3 4 5 4 0 7 10 8 10 9 9 9 8 33 38 50 97 100
2 5 3 2 2 5 3 5 3 2 5 5 3 2 9 10 9 8 8 7 10 10 46 37 43 87 88
4 2 4 2 0 4 0 0 4 5 0 1 2 3 10 7 10 10 7 10 8 8 33 49 41 98 88
4 1 5 4 1 1 1 5 5 4 2 2 1 0 8 8 8 10 7 7 7 8 47 43 31 73 68
1 0 3 1 5 3 0 2 5 4 5 3 2 4 7 9 10 7 7 10 9 9 36 50 46 84 66
1 5 3 2 4 3 0 4 5 0 5 0 4 4 7 10 10 7 8 10 7 7 31 37 36 93 65
3 2 2 3 5 1 3 3 3 1 3 4 1 3 8 8 9 8 7 8 9 8 41 32 41 70 67
1 5 4 5 4 1 3 3 3 2 2 3 2 0 10 10 10 8 7 8 8 10 32 48 34 66 76
2 3 5 1 5 5 2 1 5 4 0 2 1 2 7 8 9 8 8 7 8 8 46 33 43 95 89
2 4 5 3 2 5 5 3 2 4 3 1 2 1 9 9 10 8 7 8 10 7 43 40 38 52 87
4 5 5 2 1 4 5 1 3 0 4 3 2 4 10 8 8 10 10 10 7 7 34 31 41 94 69
5 5 3 4 3 0 5 0 5 3 2 5 4 0 10 9 9 7 9 7 8 8 34 36 44 97 63
5 1 5 2 4 0 2 1 3 3 2 2 1 0 8 8 7 7 10 7 10 7 31 37 33 54 75
0 0 5 5 3 3 5 3 5 3 2 0 3 1 8 8 7 10 8 10 9 7 33 37 49 92 84
3 0 5 3 2 2 3 0 2 4 4 4 2 4 9 7 8 10 7 10 8 9 43 30 41 100 81
3 1 3 3 3 2 0 1 2 4 4 1 0 0 9 7 7 8 10 7 7 7 36 33 34 60 98
0 5 0 0 4 0 1 3 4 0 1 2 5 4 8 9 9 10 10 10 8 9 45 37 31 67 94
3 1 2 3 3 4 2 1 1 2 2 0 1 2 10 7 10 9 7 9 10 8 30 43 44 83 53
2 0 2 0 0 3 0 5 2 1 4 3 0 0 7 7 9 9 10 7 10 9 35 44 42 55 94
4 5 2 0 3 3 5 5 2 5 1 5 5 4 7 7 9 10 9 7 8 10 31 35 34 77 64
4 5 4 5 1 1 5 5 4 4 3 1 2 4 9 9 10 8 8 9 9 10 49 35 46 63 68
4 3 3 0 0 2 3 0 4 0 4 0 5 3 10 7 7 10 8 8 9 8 44 48 47 63 62
2 4 5 3 4 5 4 4 3 4 2 0 4 0 7 9 7 8 8 10 10 10 48 32 50 89 92
0 0 3 4 4 3 0 5 5 3 4 0 5 1 10 9 10 10 9 8 9 9 48 35 47 89 53
1 0 2 5 5 0 3 0 4 0 5 4 0 3 9 7 10 9 10 8 8 7 41 33 33 57 93